Cargo.lock
  h_8e6780fc7b4bb1 32,34,37,54-73,76,78,81,90,92,113,151,153,156-157,175,177,195,256,272,327,557,596,598,665,667,830,859,861,865,919,921,929,931,937,966,1043,1052,1054,1095,1097,1117-1126,1166,1168,1175,1177,1181,1198,1200,1217,1231,1264,1266,1291,1293,1307,1309,1322,1324,1333,1335,1346,1348,1350,1356,1358,1383-1388,1445-1450,1591-1596,1630,1638,1640,1658-1675,1703,1714,1725,1727,1735-1765,1790,1800,1809-1823,1859,1867,1869,1873,1953,1966,1990,1993,2036,2038,2060,2062,2091,2106,2108,2116,2118,2122,2212,2214,2248,2250,2254,2256,2284,2286,2294,2296,2360,2362,2366,2392,2394,2401,2403,2407,2409,2426,2428,2432,2437,2439,2443,2445,2449,2451,2525,2527,2539,2541,2545,2592,2594,2626,2699,2701,2703,2709,2711,2713,2738,2748,2759,2773,2775,2808,2869,2871,2873,2887,2889,2897,2899,2907,2909,2930-2938,2941,2943,3134,3136,3178,3180,3182,3187,3189,3242,3244,3246-3247,3255-3263,3266,3268,3270,3273,3304,3319,3347,3352,3354,3356,3362,3364,3408,3410,3414,3416,3446,3448,3450,3453,3462,3516,3518,3561,3563,3603,3605,3613,3615,3628,3630,3634,3636,3656,3689,3691,3717,3730,3736,3738,3742,3756,3771,3792,3831,3851,3860,3911,3913,3930,3932,3942,3994,4003,4060,4076,4090,4105,4141,4151,4163,4174,4217,4230,4252,4275,4287,4299,4312,4335,4356,4379,4409,4411,4452,4454,4536,4540,4542,4544,4598,4618,4620,4627,4629,4633,4660,4667,4712,4750,4752,4756,4758,4806,4820,4822,4844,4849,4851,4861,4863,4870,4872,4879,4882,4890,4892,4896,4898-4899,4901,4905,4913,4915,4922,4927,4929,4948,4950,4959,4961,4969,4971,4974,5029-5038,5096,5101,5103,5105,5116,5121,5123,5133,5135,5156,5158,5273,5275,5285,5287,5304,5317,5326,5328,5342,5344,5354,5356,5364,5366,5370,5391,5393,5403,5405,5471,5490,5492,5506,5508,5516,5518,5525,5527,5531,5536,5538,5560,5562,5566,5608,5613,5615,5619-5630,5635,5637,5640-5641,5690,5692,5696,5698,5712,5714,5753,5778,5786,5832,5834,5842,5844,5855,5864,5888,5922,6080,6082-6093,6117,6143,6149,6151,6160,6162,6171,6197,6199,6201,6212,6217,6219,6223,6228,6230,6251,6253,6266,6268,6272,6274,6317,6319,6332,6334,6348,6350,6354,6381,6383,6388,6404,6406,6414,6428,6430,6435,6440,6442,6444,6449,6451,6471,6473,6475,6484,6519,6605-6607,6616,6627,6629,6742,6744,6770,6834,6839,6841,6852,6854,6862,6864,6872,6874,6879,6885,6887,6907,6909,6921,6923,6925,6937,6955,6957,6959,6971,6984,6997,7010,7019,7021,7024,7042,7044,7062,7064,7070,7078,7080,7087,7089,7107,7130,7132,7135,7143,7153-7155,7167,7181,7191,7193,7198,7205,7213-7215,7217-7218,7220,7234,7236,7238,7252,7254,7256,7261,7263,7265,7279,7281,7283,7296,7325,7335,7337,7343,7358,7376,7381,7384,7389,7391,7393-7394,7403,7407,7413,7415,7417,7580,7591,7602,7613,7993,8038,8040,8069,8122,8124,8144,8159,8161,8180,8182,8197,8203,8205,8230,8254,8262,8264,8269,8277,8279,8282,8288,8290,8293,8300,8302,8309,8311,8315,8320,8322,8335,8341,8343,8375,8380,8382,8390,8397,8407,8409,8413,8415,8474,8476,8481,8488,8490,8495,8501,8503,8508-8509
---
{
  "schema_version": "authorship/3.0.0",
  "git_ai_version": "1.6.21",
  "base_commit_sha": "7b25eb07bde8766999a05406f437c8c1de45f29a",
  "prompts": {},
  "humans": {
    "h_8e6780fc7b4bb1": {
      "author": "AuraElicase <auraelicase@outlook.com>"
    }
  }
}